HOW TO READ 4 BY 10 TABLES. 

Indexes are from 0 to 3 and 0 to 9 .
All columns contain costs except for column 3 which contains the action with minimum cost. 
Column 0 represents action 0 (do nothing)
Column 1 represents action 1 (rehabilitation)
Column 2 represents action 2 (reconstruction)
Column 3 represents action taken (action with min cost)

Rows go from 0 to 9 representing the states.

Ex:
Row 0 Column 0: Cost of taking action 0(column) in state 0(row).


At time: 100 costs are
[[100.  -1.  -1.   0.]
 [100.  -1.  -1.   0.]
 [100.  -1.  -1.   0.]
 [  1.  -1.  -1.   0.]
 [  1.  -1.  -1.   0.]
 [  1.  -1.  -1.   0.]
 [  1.  -1.  -1.   0.]
 [  1.  -1.  -1.   0.]
 [  1.  -1.  -1.   0.]
 [  1.  -1.  -1.   0.]]
At time: 99 costs are
[[100.  158.5  61.    2. ]
 [100.  158.   61.    2. ]
 [100.  107.5  61.    2. ]
 [ 50.5  56.5  61.    0. ]
 [  1.   54.5  61.    0. ]
 [  1.   44.5  61.    0. ]
 [  1.   17.5  61.    0. ]
 [  1.    9.5  61.    0. ]
 [  1.    4.   61.    0. ]
 [  1.    1.5  61.    0. ]]
At time: 98 costs are
[[ 61.    119.5    61.      2.   ]
 [ 61.    119.     61.      2.   ]
 [ 61.    112.75   61.      2.   ]
 [ 55.75   66.895  61.      0.   ]
 [ 11.395  54.5    61.      0.   ]
 [  1.     44.5    61.      0.   ]
 [  1.     17.5    61.      0.   ]
 [  1.      9.5    61.      0.   ]
 [  1.      4.     61.      0.   ]
 [  1.      1.5    61.      0.   ]]
At time: 97 costs are
[[ 61.      119.5      61.        2.     ]
 [ 61.      119.       61.        2.     ]
 [ 61.      115.375    61.        2.     ]
 [ 58.375    76.20955  61.        0.     ]
 [ 20.70955  55.5395   61.        0.     ]
 [  2.0395   44.5      61.        0.     ]
 [  1.       17.5      61.        0.     ]
 [  1.        9.5      61.        0.     ]
 [  1.        4.       61.        0.     ]
 [  1.        1.5      61.        0.     ]]
At time: 96 costs are
[[ 61.        119.5        61.          2.       ]
 [ 61.        119.         61.          2.       ]
 [ 61.        116.6875     61.          2.       ]
 [ 59.6875     84.1192945  61.          0.       ]
 [ 28.6192945  57.406505   61.          0.       ]
 [  3.906505   44.593555   61.          0.       ]
 [  1.093555   17.5        61.          0.       ]
 [  1.          9.5        61.          0.       ]
 [  1.          4.         61.          0.       ]
 [  1.          1.5        61.          0.       ]]
At time: 95 costs are
[[ 61.         119.5         61.           2.        ]
 [ 61.         119.          61.           2.        ]
 [ 61.         117.34375     61.           2.        ]
 [ 60.34375     90.64361765  61.           0.        ]
 [ 35.14361765  59.87778395  61.           0.        ]
 [  6.37778395  44.8467205   61.           0.        ]
 [  1.3467205   17.5074844   61.           0.        ]
 [  1.0074844    9.5         61.           0.        ]
 [  1.           4.          61.           0.        ]
 [  1.           1.5         61.           0.        ]]
At time: 94 costs are
[[ 61.         119.5         61.           2.        ]
 [ 61.         119.          61.           2.        ]
 [ 61.         117.671875    61.           2.        ]
 [ 60.671875    95.93564545  61.           0.        ]
 [ 40.43564545  62.75436732  61.           0.        ]
 [  9.25436732  45.29951621  61.           0.        ]
 [  1.79951621  17.53462329  61.           0.        ]
 [  1.03462329   9.50172141  61.           0.        ]
 [  1.00172141   4.          61.           0.        ]
 [  1.           1.5         61.           0.        ]]
At time: 93 costs are
[[ 61.         119.5         61.           2.        ]
 [ 61.         119.          61.           2.        ]
 [ 61.         117.8359375   61.           2.        ]
 [ 60.8359375  100.18525365  61.           0.        ]
 [ 44.68525365  65.87249513  61.           0.        ]
 [ 12.37249513  45.97045281  61.           0.        ]
 [  2.47045281  17.59581472  61.           0.        ]
 [  1.09581472   9.50928884  61.           0.        ]
 [  1.00928884   4.00053364  61.           0.        ]
 [  1.00053364   1.50053364  61.           0.        ]]
At time: 92 costs are
[[ 61.         119.5         61.00053364   0.        ]
 [ 61.         119.          61.00053364   0.        ]
 [ 61.         117.91796875  61.00053364   0.        ]
 [ 60.91796875 103.57689726  61.00053364   0.        ]
 [ 48.07689726  69.10377099  61.00053364   0.        ]
 [ 15.60377099  46.86163662  61.00053364   0.        ]
 [  3.36163662  17.70578577  61.00053364   0.        ]
 [  1.20578577   9.5291898   61.00053364   0.        ]
 [  1.0291898    4.00324775  61.00053364   0.        ]
 [  1.00324775   1.50324775  61.00053364   0.        ]]
At time: 91 costs are
[[ 61.         119.5         61.00324775   0.        ]
 [ 61.         119.          61.00324775   0.        ]
 [ 61.         117.95898438  61.00324775   0.        ]
 [ 60.95898438 106.27352227  61.00324775   0.        ]
 [ 50.77352227  72.35108361  61.00324775   0.        ]
 [ 18.85108361  47.96342871  61.00324775   0.        ]
 [  4.46342871  17.87825384  61.00324775   0.        ]
 [  1.37825384   9.56980687  61.00324775   0.        ]
 [  1.06980687   4.01128979  61.00324775   0.        ]
 [  1.01128979   1.51128979  61.00324775   0.        ]]
At time: 90 costs are
[[ 61.         119.5         61.01128979   0.        ]
 [ 61.         119.          61.01128979   0.        ]
 [ 61.         117.97949219  61.01128979   0.        ]
 [ 60.97949219 108.41246932  61.01128979   0.        ]
 [ 52.91246932  75.54332748  61.01128979   0.        ]
 [ 22.04332748  49.25831765  61.01128979   0.        ]
 [  5.75831765  18.12506783  61.01128979   0.        ]
 [  1.62506783   9.64074967  61.01128979   0.        ]
 [  1.14074967   4.02943008  61.01128979   0.        ]
 [  1.02943008   1.52943008  61.01128979   0.        ]]
At time: 89 costs are
[[ 61.         119.5         61.02943008   0.        ]
 [ 61.         119.          61.02943008   0.        ]
 [ 61.         117.98974609  61.02943008   0.        ]
 [ 60.98974609 110.10654412  61.02943008   0.        ]
 [ 54.60654412  78.63024166  61.02943008   0.        ]
 [ 25.13024166  50.72396854  61.02943008   0.        ]
 [  7.22396854  18.45572781  61.02943008   0.        ]
 [  1.95572781   9.75214285  61.02943008   0.        ]
 [  1.25214285   4.06393915  61.02943008   0.        ]
 [  1.06393915   1.56393915  61.02943008   0.        ]]
At time: 88 costs are
[[ 61.         119.5         61.06393915   0.        ]
 [ 61.         119.          61.06393915   0.        ]
 [ 61.         117.99487305  61.06393915   0.        ]
 [ 60.99487305 111.44701653  61.06393915   0.        ]
 [ 55.94701653  81.57787191  61.06393915   0.        ]
 [ 28.07787191  52.33553312  61.06393915   0.        ]
 [  8.83553312  18.87718707  61.06393915   0.        ]
 [  2.37718707   9.91396739  61.06393915   0.        ]
 [  1.41396739   4.1222823   61.06393915   0.        ]
 [  1.1222823    1.6222823   61.06393915   0.        ]]
At time: 87 costs are
[[ 61.         119.5         61.1222823    0.        ]
 [ 61.         119.          61.1222823    0.        ]
 [ 61.         117.99743652  61.1222823    0.        ]
 [ 60.99743652 112.5070664   61.1222823    0.        ]
 [ 57.0070664   84.36478637  61.1222823    0.        ]
 [ 30.86478637  54.06734361  61.1222823    0.        ]
 [ 10.56734361  19.39385475  61.1222823    0.        ]
 [  2.89385475  10.13550792  61.1222823    0.        ]
 [  1.63550792   4.21270468  61.1222823    0.        ]
 [  1.21270468   1.71270468  61.1222823    0.        ]]
At time: 86 costs are
[[ 61.         119.5         61.21270468   0.        ]
 [ 61.         119.          61.21270468   0.        ]
 [ 61.         117.99871826  61.21270468   0.        ]
 [ 60.99871826 113.34504413  61.21270468   0.        ]
 [ 57.84504413  86.97901437  61.21270468   0.        ]
 [ 33.47901437  55.89411346  61.21270468   0.        ]
 [ 12.39411346  20.00773386  61.21270468   0.        ]
 [  3.50773386  10.42492769  61.21270468   0.        ]
 [  1.92492769   4.34377368  61.21270468   0.        ]
 [  1.34377368   1.84377368  61.21270468   0.        ]]
At time: 85 costs are
[[ 61.         119.5         61.34377368   0.        ]
 [ 61.         119.          61.34377368   0.        ]
 [ 61.         117.99935913  61.34377368   0.        ]
 [ 60.99935913 114.0073157   61.34377368   0.        ]
 [ 58.5073157   89.41561735  61.34377368   0.        ]
 [ 35.91561735  57.79175454  61.34377368   0.        ]
 [ 14.29175454  20.71864423  61.34377368   0.        ]
 [  4.21864423  10.78897311  61.34377368   0.        ]
 [  2.28897311   4.52393142  61.34377368   0.        ]
 [  1.52393142   2.02393142  61.34377368   0.        ]]
At time: 84 costs are
[[ 61.         119.5         61.52393142   0.        ]
 [ 61.         119.          61.52393142   0.        ]
 [ 61.         117.99967957  61.52393142   0.        ]
 [ 60.99967957 114.53064482  61.52393142   0.        ]
 [ 59.03064482  91.67478718  61.52393142   0.        ]
 [ 38.17478718  59.73790219  61.52393142   0.        ]
 [ 16.23790219  21.52449306  61.52393142   0.        ]
 [  5.02449306  11.23279747  61.52393142   0.        ]
 [  2.73279747   4.76109435  61.52393142   0.        ]
 [  1.76109435   2.26109435  61.52393142   0.        ]]
At time: 83 costs are
[[ 61.         119.5         61.76109435   0.        ]
 [ 61.         119.          61.76109435   0.        ]
 [ 61.         117.99983978  61.76109435   0.        ]
 [ 60.99983978 114.94414211  61.76109435   0.        ]
 [ 59.44414211  93.76037295  61.76109435   0.        ]
 [ 40.26037295  61.71222184  61.76109435   0.        ]
 [ 18.21222184  22.42156579  61.76109435   0.        ]
 [  5.92156579  11.75988745  61.76109435   0.        ]
 [  3.25988745   5.06232231  61.76109435   0.        ]
 [  2.06232231   2.56232231  61.76109435   0.        ]]
At time: 82 costs are
[[ 61.         119.5         62.06232231   0.        ]
 [ 61.         119.          62.06232231   0.        ]
 [ 61.         117.99991989  62.06232231   0.        ]
 [ 60.99991989 115.27083862  62.06232231   0.        ]
 [ 59.77083862  95.67874986  62.06232231   0.        ]
 [ 42.17874986  63.69655544  62.06232231   0.        ]
 [ 20.19655544  23.40481827  62.06232231   0.        ]
 [  6.90481827  12.37207347  62.06232231   0.        ]
 [  3.87207347   5.43356751  62.06232231   0.        ]
 [  2.43356751   2.93356751  62.06232231   0.        ]]
At time: 81 costs are
[[ 61.         119.5         62.43356751   0.        ]
 [ 61.         119.          62.43356751   0.        ]
 [ 61.         117.99995995  62.43356751   0.        ]
 [ 60.99995995 115.52894569  62.43356751   0.        ]
 [ 60.02894569  97.43795874  62.43356751   0.        ]
 [ 43.93795874  65.67495294  62.43356751   0.        ]
 [ 22.17495294  24.46815724  62.43356751   0.        ]
 [  7.96815724  13.06960477  62.43356751   0.        ]
 [  4.56960477   5.87950436  62.43356751   0.        ]
 [  2.87950436   3.37950436  62.43356751   0.        ]]
At time: 80 costs are
[[ 61.         119.5         62.87950436   0.        ]
 [ 61.         119.          62.87950436   0.        ]
 [ 61.         117.99997997  62.87950436   0.        ]
 [ 60.99997997 115.73285868  62.87950436   0.        ]
 [ 60.23285868  99.04705743  62.87950436   0.        ]
 [ 45.54705743  67.63362346  62.87950436   0.        ]
 [ 24.13362346  25.6047009   62.87950436   0.        ]
 [  9.1047009   13.85127184  62.87950436   0.        ]
 [  5.35127184   6.40343549  62.87950436   0.        ]
 [  3.40343549   3.90343549  62.87950436   0.        ]]
At time: 79 costs are
[[ 61.         119.5         63.40343549   0.        ]
 [ 61.         119.          63.40343549   0.        ]
 [ 61.         117.99998999  63.40343549   0.        ]
 [ 60.99998999 115.89395415  63.40343549   0.        ]
 [ 60.39395415 100.51563756  63.40343549   0.        ]
 [ 47.01563756  69.56083252  63.40343549   0.        ]
 [ 26.06083252  26.80701471  63.40343549   0.        ]
 [ 10.30701471  14.71456053  63.40343549   0.        ]
 [  6.21456053   7.00726476  63.40343549   0.        ]
 [  4.00726476   4.50726476  63.40343549   0.        ]]
At time: 78 costs are
[[ 61.         119.5         64.00726476   0.        ]
 [ 61.         119.          64.00726476   0.        ]
 [ 61.         117.99999499  64.00726476   0.        ]
 [ 60.99999499 116.02122168  64.00726476   0.        ]
 [ 60.52122168 101.85346922  64.00726476   0.        ]
 [ 48.35346922  71.44676497  64.00726476   0.        ]
 [ 27.94676497  28.06732013  64.00726476   0.        ]
 [ 11.56732013  15.65582499  64.00726476   0.        ]
 [  7.15582499   7.69152644  64.00726476   0.        ]
 [  4.69152644   5.19152644  64.00726476   0.        ]]
At time: 77 costs are
[[ 61.         119.5         64.69152644   0.        ]
 [ 61.         119.          64.69152644   0.        ]
 [ 61.         117.9999975   64.69152644   0.        ]
 [ 60.9999975  116.12176408  64.69152644   0.        ]
 [ 60.62176408 103.07024447  64.69152644   0.        ]
 [ 49.57024447  73.28336836  64.69152644   0.        ]
 [ 29.78336836  29.37767572  64.69152644   1.        ]
 [ 12.87767572  16.67046887  64.69152644   0.        ]
 [  8.17046887   8.45545899  64.69152644   0.        ]
 [  5.45545899   5.95545899  64.69152644   0.        ]]
At time: 76 costs are
[[ 61.         119.5         65.45545899   0.        ]
 [ 61.         119.          65.45545899   0.        ]
 [ 61.         117.99999875  65.45545899   0.        ]
 [ 60.99999875 116.20119309  65.45545899   0.        ]
 [ 60.70119309 104.17539643  65.45545899   0.        ]
 [ 50.67539643  74.69500691  65.45545899   0.        ]
 [ 31.19500691  30.69767572  65.45545899   1.        ]
 [ 14.19767572  17.75312644  65.45545899   0.        ]
 [  9.25312644   9.29711205  65.45545899   0.        ]
 [  6.29711205   6.79711205  65.45545899   0.        ]]
At time: 75 costs are
[[ 61.         119.5         66.29711205   0.        ]
 [ 61.         119.          66.29711205   0.        ]
 [ 61.         117.99999937  66.29711205   0.        ]
 [ 60.99999937 116.26394228  66.29711205   0.        ]
 [ 60.76394228 105.17797609  66.29711205   0.        ]
 [ 51.67797609  75.99567058  66.29711205   0.        ]
 [ 32.49567058  32.01767572  66.29711205   1.        ]
 [ 15.51767572  18.89037278  66.29711205   0.        ]
 [ 10.39037278  10.21347652  66.29711205   1.        ]
 [  7.21347652   7.71347652  66.29711205   0.        ]]
At time: 74 costs are
[[ 61.         119.5         67.21347652   0.        ]
 [ 61.         119.          67.21347652   0.        ]
 [ 61.         117.99999969  67.21347652   0.        ]
 [ 60.99999969 116.31351427  67.21347652   0.        ]
 [ 60.81351427 106.08657271  67.21347652   0.        ]
 [ 52.58657271  77.28710275  67.21347652   0.        ]
 [ 33.78710275  33.33767572  67.21347652   1.        ]
 [ 16.83767572  19.93344233  67.21347652   0.        ]
 [ 11.43344233  11.14347652  67.21347652   1.        ]
 [  8.14347652   8.64347652  67.21347652   0.        ]]
At time: 73 costs are
[[ 61.         119.5         68.14347652   0.        ]
 [ 61.         119.          68.14347652   0.        ]
 [ 61.         117.99999984  68.14347652   0.        ]
 [ 60.99999984 116.35267621  68.14347652   0.        ]
 [ 60.85267621 106.90926687  68.14347652   0.        ]
 [ 53.40926687  78.57007645  68.14347652   0.        ]
 [ 35.07007645  34.65767572  68.14347652   1.        ]
 [ 18.15767572  20.95314233  68.14347652   0.        ]
 [ 12.45314233  12.07347652  68.14347652   1.        ]
 [  9.07347652   9.57347652  68.14347652   0.        ]]
At time: 72 costs are
[[ 61.         119.5         69.07347652   0.        ]
 [ 61.         119.          69.07347652   0.        ]
 [ 61.         117.99999992  69.07347652   0.        ]
 [ 60.99999992 116.38361417  69.07347652   0.        ]
 [ 60.88361417 107.6536078   69.07347652   0.        ]
 [ 54.1536078   79.84531892  69.07347652   0.        ]
 [ 36.34531892  35.97767572  69.07347652   1.        ]
 [ 19.47767572  21.97284233  69.07347652   0.        ]
 [ 13.47284233  13.00347652  69.07347652   1.        ]
 [ 10.00347652  10.50347652  69.07347652   0.        ]]
At time: 71 costs are
[[ 61.         119.5         70.00347652   0.        ]
 [ 61.         119.          70.00347652   0.        ]
 [ 61.         117.99999996  70.00347652   0.        ]
 [ 60.99999996 116.40805518  70.00347652   0.        ]
 [ 60.90805518 108.32660844  70.00347652   0.        ]
 [ 54.82660844  81.11350961  70.00347652   0.        ]
 [ 37.61350961  37.29767572  70.00347652   1.        ]
 [ 20.79767572  22.99254233  70.00347652   0.        ]
 [ 14.49254233  13.93347652  70.00347652   1.        ]
 [ 10.93347652  11.43347652  70.00347652   0.        ]]
At time: 70 costs are
[[ 61.         119.5         70.93347652   0.        ]
 [ 61.         119.          70.93347652   0.        ]
 [ 61.         117.99999998  70.93347652   0.        ]
 [ 60.99999998 116.42736358  70.93347652   0.        ]
 [ 60.92736358 108.93475311  70.93347652   0.        ]
 [ 55.43475311  82.37527966  70.93347652   0.        ]
 [ 38.87527966  38.61767572  70.93347652   1.        ]
 [ 22.11767572  24.01224233  70.93347652   0.        ]
 [ 15.51224233  14.86347652  70.93347652   1.        ]
 [ 11.86347652  12.36347652  70.93347652   0.        ]]
At time: 69 costs are
[[ 61.         119.5         71.86347652   0.        ]
 [ 61.         119.          71.86347652   0.        ]
 [ 61.         117.99999999  71.86347652   0.        ]
 [ 60.99999999 116.44261723  71.86347652   0.        ]
 [ 60.94261723 109.48401416  71.86347652   0.        ]
 [ 55.98401416  83.63121268  71.86347652   0.        ]
 [ 40.13121268  39.93767572  71.86347652   1.        ]
 [ 23.43767572  25.03194233  71.86347652   0.        ]
 [ 16.53194233  15.79347652  71.86347652   1.        ]
 [ 12.79347652  13.29347652  71.86347652   0.        ]]
At time: 68 costs are
[[ 61.         119.5         72.79347652   0.        ]
 [ 61.         119.          72.79347652   0.        ]
 [ 61.         118.          72.79347652   0.        ]
 [ 61.         116.45466761  72.79347652   0.        ]
 [ 60.95466761 109.97987447  72.79347652   0.        ]
 [ 56.47987447  84.88184618  72.79347652   0.        ]
 [ 41.38184618  41.25767572  72.79347652   1.        ]
 [ 24.75767572  26.05164233  72.79347652   0.        ]
 [ 17.55164233  16.72347652  72.79347652   1.        ]
 [ 13.72347652  14.22347652  72.79347652   0.        ]]
At time: 67 costs are
[[ 61.         119.5         73.72347652   0.        ]
 [ 61.         119.          73.72347652   0.        ]
 [ 61.         118.          73.72347652   0.        ]
 [ 61.         116.46418741  73.72347652   0.        ]
 [ 60.96418741 110.42735378  73.72347652   0.        ]
 [ 56.92735378  86.12767361  73.72347652   0.        ]
 [ 42.62767361  42.57767572  73.72347652   1.        ]
 [ 26.07767572  27.07134233  73.72347652   0.        ]
 [ 18.57134233  17.65347652  73.72347652   1.        ]
 [ 14.65347652  15.15347652  73.72347652   0.        ]]
At time: 66 costs are
[[ 61.         119.5         74.65347652   0.        ]
 [ 61.         119.          74.65347652   0.        ]
 [ 61.         118.          74.65347652   0.        ]
 [ 61.         116.47170805  74.65347652   0.        ]
 [ 60.97170805 110.83103714  74.65347652   0.        ]
 [ 57.33103714  87.36914674  74.65347652   0.        ]
 [ 43.86914674  43.89767572  74.65347652   0.        ]
 [ 27.39767572  28.09104233  74.65347652   0.        ]
 [ 19.59104233  18.58347652  74.65347652   1.        ]
 [ 15.58347652  16.08347652  74.65347652   0.        ]]
At time: 65 costs are
[[ 61.         119.5         75.58347652   0.        ]
 [ 61.         119.          75.58347652   0.        ]
 [ 61.         118.          75.58347652   0.        ]
 [ 61.         116.47764936  75.58347652   0.        ]
 [ 60.97764936 111.19510423  75.58347652   0.        ]
 [ 57.69510423  88.58071688  75.58347652   0.        ]
 [ 45.08071688  45.2153934   75.58347652   0.        ]
 [ 28.7153934   29.11074233  75.58347652   0.        ]
 [ 20.61074233  19.51347652  75.58347652   1.        ]
 [ 16.51347652  17.01347652  75.58347652   0.        ]]
At time: 64 costs are
[[ 61.         119.5         76.51347652   0.        ]
 [ 61.         119.          76.51347652   0.        ]
 [ 61.         118.          76.51347652   0.        ]
 [ 61.         116.482343    76.51347652   0.        ]
 [ 60.982343   111.52335875  76.51347652   0.        ]
 [ 58.02335875  89.71601174  76.51347652   0.        ]
 [ 46.21601174  46.52461928  76.51347652   0.        ]
 [ 30.02461928  30.1299174   76.51347652   0.        ]
 [ 21.6299174   20.44347652  76.51347652   1.        ]
 [ 17.44347652  17.94347652  76.51347652   0.        ]]
At time: 63 costs are
[[ 61.         119.5         77.44347652   0.        ]
 [ 61.         119.          77.44347652   0.        ]
 [ 61.         118.          77.44347652   0.        ]
 [ 61.         116.48605097  77.44347652   0.        ]
 [ 60.98605097 111.81925717  77.44347652   0.        ]
 [ 58.31925717  90.77867297  77.44347652   0.        ]
 [ 47.27867297  47.81993068  77.44347652   0.        ]
 [ 31.31993068  31.14713935  77.44347652   1.        ]
 [ 22.64713935  21.37347652  77.44347652   1.        ]
 [ 18.37347652  18.87347652  77.44347652   0.        ]]
At time: 62 costs are
[[ 61.         119.5         78.37347652   0.        ]
 [ 61.         119.          78.37347652   0.        ]
 [ 61.         118.          78.37347652   0.        ]
 [ 61.         116.48898026  78.37347652   0.        ]
 [ 60.98898026 112.08593655  78.37347652   0.        ]
 [ 58.58593655  91.77232555  78.37347652   0.        ]
 [ 48.27232555  48.93766204  78.37347652   0.        ]
 [ 32.43766204  32.12141897  78.37347652   1.        ]
 [ 23.62141897  22.30347652  78.37347652   1.        ]
 [ 19.30347652  19.80347652  78.37347652   0.        ]]
At time: 61 costs are
[[ 61.         119.5         79.30347652   0.        ]
 [ 61.         119.          79.30347652   0.        ]
 [ 61.         118.          79.30347652   0.        ]
 [ 61.         116.49129441  79.30347652   0.        ]
 [ 60.99129441 112.32624092  79.30347652   0.        ]
 [ 58.82624092  92.70055054  79.30347652   0.        ]
 [ 49.20055054  49.91349149  79.30347652   0.        ]
 [ 33.41349149  33.06160328  79.30347652   1.        ]
 [ 24.56160328  23.23347652  79.30347652   1.        ]
 [ 20.23347652  20.73347652  79.30347652   0.        ]]
At time: 60 costs are
[[ 61.         119.5         80.23347652   0.        ]
 [ 61.         119.          80.23347652   0.        ]
 [ 61.         118.          80.23347652   0.        ]
 [ 61.         116.49312258  80.23347652   0.        ]
 [ 60.99312258 112.54274627  80.23347652   0.        ]
 [ 59.04274627  93.56686267  80.23347652   0.        ]
 [ 50.06686267  50.85271906  80.23347652   0.        ]
 [ 34.35271906  33.99394567  80.23347652   1.        ]
 [ 25.49394567  24.16347652  80.23347652   1.        ]
 [ 21.16347652  21.66347652  80.23347652   0.        ]]
At time: 59 costs are
[[ 61.         119.5         81.16347652   0.        ]
 [ 61.         119.          81.16347652   0.        ]
 [ 61.         118.          81.16347652   0.        ]
 [ 61.         116.49456684  81.16347652   0.        ]
 [ 60.99456684 112.7377839   81.16347652   0.        ]
 [ 59.2377839   94.3746922   81.16347652   0.        ]
 [ 50.8746922   51.77977903  81.16347652   0.        ]
 [ 35.27977903  34.92448442  81.16347652   1.        ]
 [ 26.42448442  25.09347652  81.16347652   1.        ]
 [ 22.09347652  22.59347652  81.16347652   0.        ]]
At time: 58 costs are
[[ 61.         119.5         82.09347652   0.        ]
 [ 61.         119.          82.09347652   0.        ]
 [ 61.         118.          82.09347652   0.        ]
 [ 61.         116.4957078   82.09347652   0.        ]
 [ 60.9957078  112.9134622   82.09347652   0.        ]
 [ 59.4134622   95.12737045  82.09347652   0.        ]
 [ 51.62737045  52.70050104  82.09347652   0.        ]
 [ 36.20050104  35.85460833  82.09347652   1.        ]
 [ 27.35460833  26.02347652  82.09347652   1.        ]
 [ 23.02347652  23.52347652  82.09347652   0.        ]]
At time: 57 costs are
[[ 61.         119.5         83.02347652   0.        ]
 [ 61.         119.          83.02347652   0.        ]
 [ 61.         118.          83.02347652   0.        ]
 [ 61.         116.49660916  83.02347652   0.        ]
 [ 60.99660916 113.07168676  83.02347652   0.        ]
 [ 59.57168676  95.82811871  83.02347652   0.        ]
 [ 52.32811871  53.6164293   83.02347652   0.        ]
 [ 37.1164293   36.78463683  83.02347652   1.        ]
 [ 28.28463683  26.95347652  83.02347652   1.        ]
 [ 23.95347652  24.45347652  83.02347652   0.        ]]
At time: 56 costs are
[[ 61.         119.5         83.95347652   0.        ]
 [ 61.         119.          83.95347652   0.        ]
 [ 61.         118.          83.95347652   0.        ]
 [ 61.         116.49732124  83.95347652   0.        ]
 [ 60.99732124 113.214179    83.95347652   0.        ]
 [ 59.714179    96.48003983  83.95347652   0.        ]
 [ 52.98003983  54.52811538  83.95347652   0.        ]
 [ 38.02811538  37.71464339  83.95347652   1.        ]
 [ 29.21464339  27.88347652  83.95347652   1.        ]
 [ 24.88347652  25.38347652  83.95347652   0.        ]]
At time: 55 costs are
[[ 61.         119.5         84.88347652   0.        ]
 [ 61.         119.          84.88347652   0.        ]
 [ 61.         118.          84.88347652   0.        ]
 [ 61.         116.49788378  84.88347652   0.        ]
 [ 60.99788378 113.34249322  84.88347652   0.        ]
 [ 59.84249322  97.08611236  84.88347652   0.        ]
 [ 53.58611236  55.4358751   84.88347652   0.        ]
 [ 38.9358751   38.6446449   84.88347652   1.        ]
 [ 30.1446449   28.81347652  84.88347652   1.        ]
 [ 25.81347652  26.31347652  84.88347652   0.        ]]
At time: 54 costs are
[[ 61.         119.5         85.81347652   0.        ]
 [ 61.         119.          85.81347652   0.        ]
 [ 61.         118.          85.81347652   0.        ]
 [ 61.         116.49832819  85.81347652   0.        ]
 [ 60.99832819 113.45803228  85.81347652   0.        ]
 [ 59.95803228  97.64918664  85.81347652   0.        ]
 [ 54.14918664  56.33996229  85.81347652   0.        ]
 [ 39.83996229  39.57464524  85.81347652   1.        ]
 [ 31.07464524  29.74347652  85.81347652   1.        ]
 [ 26.74347652  27.24347652  85.81347652   0.        ]]
At time: 53 costs are
[[ 61.         119.5         86.74347652   0.        ]
 [ 61.         119.          86.74347652   0.        ]
 [ 61.         118.          86.74347652   0.        ]
 [ 61.         116.49867927  86.74347652   0.        ]
 [ 60.99867927 113.56206187  86.74347652   0.        ]
 [ 60.06206187  98.17198274  86.74347652   0.        ]
 [ 54.67198274  57.24060855  86.74347652   0.        ]
 [ 40.74060855  40.50464532  86.74347652   1.        ]
 [ 32.00464532  30.67347652  86.74347652   1.        ]
 [ 27.67347652  28.17347652  86.74347652   0.        ]]
At time: 52 costs are
[[ 61.         119.5         87.67347652   0.        ]
 [ 61.         119.          87.67347652   0.        ]
 [ 61.         118.          87.67347652   0.        ]
 [ 61.         116.49895662  87.67347652   0.        ]
 [ 60.99895662 113.65572361  87.67347652   0.        ]
 [ 60.15572361  98.65708986  87.67347652   0.        ]
 [ 55.15708986  58.13803232  87.67347652   0.        ]
 [ 41.63803232  41.43464534  87.67347652   1.        ]
 [ 32.93464534  31.60347652  87.67347652   1.        ]
 [ 28.60347652  29.10347652  87.67347652   0.        ]]
At time: 51 costs are
[[ 61.         119.5         88.60347652   0.        ]
 [ 61.         119.          88.60347652   0.        ]
 [ 61.         118.          88.60347652   0.        ]
 [ 61.         116.49917573  88.60347652   0.        ]
 [ 60.99917573 113.74004691  88.60347652   0.        ]
 [ 60.24004691  99.1069669   88.60347652   0.        ]
 [ 55.6069669   59.0324409   88.60347652   0.        ]
 [ 42.5324409   42.36464535  88.60347652   1.        ]
 [ 33.86464535  32.53347652  88.60347652   1.        ]
 [ 29.53347652  30.03347652  88.60347652   0.        ]]
At time: 50 costs are
[[ 61.         119.5         89.53347652   0.        ]
 [ 61.         119.          89.53347652   0.        ]
 [ 61.         118.          89.53347652   0.        ]
 [ 61.         116.49934883  89.53347652   0.        ]
 [ 60.99934883 113.81595979  89.53347652   0.        ]
 [ 60.31595979  99.5239441   89.53347652   0.        ]
 [ 56.0239441   59.92403107  89.53347652   0.        ]
 [ 43.42403107  43.29464535  89.53347652   1.        ]
 [ 34.79464535  33.46347652  89.53347652   1.        ]
 [ 30.46347652  30.96347652  89.53347652   0.        ]]
At time: 49 costs are
[[ 61.         119.5         90.46347652   0.        ]
 [ 61.         119.          90.46347652   0.        ]
 [ 61.         118.          90.46347652   0.        ]
 [ 61.         116.49948557  90.46347652   0.        ]
 [ 60.99948557 113.8842987   90.46347652   0.        ]
 [ 60.3842987   99.91022551  90.46347652   0.        ]
 [ 56.41022551  60.81298925  90.46347652   0.        ]
 [ 44.31298925  44.22464535  90.46347652   1.        ]
 [ 35.72464535  34.39347652  90.46347652   1.        ]
 [ 31.39347652  31.89347652  90.46347652   0.        ]]
At time: 48 costs are
[[ 61.         119.5         91.39347652   0.        ]
 [ 61.         119.          91.39347652   0.        ]
 [ 61.         118.          91.39347652   0.        ]
 [ 61.         116.4995936   91.39347652   0.        ]
 [ 60.9995936  113.94581738  91.39347652   0.        ]
 [ 60.44581738 100.2678921   91.39347652   0.        ]
 [ 56.7678921   61.69949176  91.39347652   0.        ]
 [ 45.19949176  45.15464535  91.39347652   1.        ]
 [ 36.65464535  35.32347652  91.39347652   1.        ]
 [ 32.32347652  32.82347652  91.39347652   0.        ]]
At time: 47 costs are
[[ 61.         119.5         92.32347652   0.        ]
 [ 61.         119.          92.32347652   0.        ]
 [ 61.         118.          92.32347652   0.        ]
 [ 61.         116.49967895  92.32347652   0.        ]
 [ 60.99967895 114.001195    92.32347652   0.        ]
 [ 60.501195   100.59890538  92.32347652   0.        ]
 [ 57.09890538  62.58370509  92.32347652   0.        ]
 [ 46.08370509  46.08464535  92.32347652   0.        ]
 [ 37.58464535  36.25347652  92.32347652   1.        ]
 [ 33.25347652  33.75347652  92.32347652   0.        ]]
At time: 46 costs are
[[ 61.         119.5         93.25347652   0.        ]
 [ 61.         119.          93.25347652   0.        ]
 [ 61.         118.          93.25347652   0.        ]
 [ 61.         116.49974637  93.25347652   0.        ]
 [ 60.99974637 114.0510434   93.25347652   0.        ]
 [ 60.5510434  100.90511144  93.25347652   0.        ]
 [ 57.40511144  63.46492111  93.25347652   0.        ]
 [ 46.96492111  47.01442909  93.25347652   0.        ]
 [ 38.51442909  37.18347652  93.25347652   1.        ]
 [ 34.18347652  34.68347652  93.25347652   0.        ]]
At time: 45 costs are
[[ 61.         119.5         94.18347652   0.        ]
 [ 61.         119.          94.18347652   0.        ]
 [ 61.         118.          94.18347652   0.        ]
 [ 61.         116.49979963  94.18347652   0.        ]
 [ 60.99979963 114.0959137   94.18347652   0.        ]
 [ 60.5959137  101.18824532  94.18347652   0.        ]
 [ 57.68824532  64.30013634  94.18347652   0.        ]
 [ 47.80013634  47.93320877  94.18347652   0.        ]
 [ 39.43320877  38.11347652  94.18347652   1.        ]
 [ 35.11347652  35.61347652  94.18347652   0.        ]]
At time: 44 costs are
[[ 61.         119.5         95.11347652   0.        ]
 [ 61.         119.          95.11347652   0.        ]
 [ 61.         118.          95.11347652   0.        ]
 [ 61.         116.49984171  95.11347652   0.        ]
 [ 60.99984171 114.13630229  95.11347652   0.        ]
 [ 60.63630229 101.44993547  95.11347652   0.        ]
 [ 57.94993547  65.09118506  95.11347652   0.        ]
 [ 48.59118506  48.84140827  95.11347652   0.        ]
 [ 40.34140827  39.04347652  95.11347652   1.        ]
 [ 36.04347652  36.54347652  95.11347652   0.        ]]
At time: 43 costs are
[[ 61.         119.5         96.04347652   0.        ]
 [ 61.         119.          96.04347652   0.        ]
 [ 61.         118.          96.04347652   0.        ]
 [ 61.         116.49987495  96.04347652   0.        ]
 [ 60.99987495 114.17265623  96.04347652   0.        ]
 [ 60.67265623 101.69170849  96.04347652   0.        ]
 [ 58.19170849  65.83988509  96.04347652   0.        ]
 [ 49.33988509  49.73944948  96.04347652   0.        ]
 [ 41.23944948  39.97347652  96.04347652   1.        ]
 [ 36.97347652  37.47347652  96.04347652   0.        ]]
At time: 42 costs are
[[ 61.         119.5         96.97347652   0.        ]
 [ 61.         119.          96.97347652   0.        ]
 [ 61.         118.          96.97347652   0.        ]
 [ 61.         116.49990121  96.97347652   0.        ]
 [ 60.99990121 114.2053781   96.97347652   0.        ]
 [ 60.7053781  101.91499378  96.97347652   0.        ]
 [ 58.41499378  66.54803096  96.97347652   0.        ]
 [ 50.04803096  50.62775049  96.97347652   0.        ]
 [ 42.12775049  40.90347652  96.97347652   1.        ]
 [ 37.90347652  38.40347652  96.97347652   0.        ]]
At time: 41 costs are
[[ 61.         119.5         97.90347652   0.        ]
 [ 61.         119.          97.90347652   0.        ]
 [ 61.         118.          97.90347652   0.        ]
 [ 61.         116.49992196  97.90347652   0.        ]
 [ 60.99992196 114.23483041  97.90347652   0.        ]
 [ 60.73483041 102.12112837  97.90347652   0.        ]
 [ 58.62112837  67.21738799  97.90347652   0.        ]
 [ 50.71738799  51.50672404  97.90347652   0.        ]
 [ 43.00672404  41.83347652  97.90347652   1.        ]
 [ 38.83347652  39.33347652  97.90347652   0.        ]]
At time: 40 costs are
[[ 61.         119.5         98.83347652   0.        ]
 [ 61.         119.          98.83347652   0.        ]
 [ 61.         118.          98.83347652   0.        ]
 [ 61.         116.49993835  98.83347652   0.        ]
 [ 60.99993835 114.26133957  98.83347652   0.        ]
 [ 60.76133957 102.31136156  98.83347652   0.        ]
 [ 58.81136156  67.84968722  98.83347652   0.        ]
 [ 51.34968722  52.37677615  98.83347652   0.        ]
 [ 43.87677615  42.76347652  98.83347652   1.        ]
 [ 39.76347652  40.26347652  98.83347652   0.        ]]
At time: 39 costs are
[[ 61.         119.5         99.76347652   0.        ]
 [ 61.         119.          99.76347652   0.        ]
 [ 61.         118.          99.76347652   0.        ]
 [ 61.         116.49995129  99.76347652   0.        ]
 [ 60.99995129 114.28519945  99.76347652   0.        ]
 [ 60.78519945 102.48685958  99.76347652   0.        ]
 [ 58.98685958  68.44662116  99.76347652   0.        ]
 [ 51.94662116  53.23830498  99.76347652   0.        ]
 [ 44.73830498  43.69347652  99.76347652   1.        ]
 [ 40.69347652  41.19347652  99.76347652   0.        ]]
At time: 38 costs are
[[ 61.         119.5        100.69347652   0.        ]
 [ 61.         119.         100.69347652   0.        ]
 [ 61.         118.         100.69347652   0.        ]
 [ 61.         116.49996152 100.69347652   0.        ]
 [ 60.99996152 114.30667463 100.69347652   0.        ]
 [ 60.80667463 102.64871016 100.69347652   0.        ]
 [ 59.14871016  69.00984024 100.69347652   0.        ]
 [ 52.50984024  54.09169978 100.69347652   0.        ]
 [ 45.59169978  44.62347652 100.69347652   1.        ]
 [ 41.62347652  42.12347652 100.69347652   0.        ]]
At time: 37 costs are
[[ 61.         119.5        101.62347652   0.        ]
 [ 61.         119.         101.62347652   0.        ]
 [ 61.         118.         101.62347652   0.        ]
 [ 61.         116.4999696  101.62347652   0.        ]
 [ 60.9999696  114.32600332 101.62347652   0.        ]
 [ 60.82600332 102.79792697 101.62347652   0.        ]
 [ 59.29792697  69.54094983 101.62347652   0.        ]
 [ 53.04094983  54.93734017 101.62347652   0.        ]
 [ 46.43734017  45.55347652 101.62347652   1.        ]
 [ 42.55347652  43.05347652 101.62347652   0.        ]]
At time: 36 costs are
[[ 61.         119.5        102.55347652   0.        ]
 [ 61.         119.         102.55347652   0.        ]
 [ 61.         118.         102.55347652   0.        ]
 [ 61.         116.49997599 102.55347652   0.        ]
 [ 60.99997599 114.34339995 102.55347652   0.        ]
 [ 60.84339995 102.93545384 102.55347652   0.        ]
 [ 59.43545384  70.041508   102.55347652   0.        ]
 [ 53.541508    55.77559538 102.55347652   0.        ]
 [ 47.27559538  46.48347652 102.55347652   1.        ]
 [ 43.48347652  43.98347652 102.55347652   0.        ]]
At time: 35 costs are
[[ 61.         119.5        103.48347652   0.        ]
 [ 61.         119.         103.48347652   0.        ]
 [ 61.         118.         103.48347652   0.        ]
 [ 61.         116.49998103 103.48347652   0.        ]
 [ 60.99998103 114.35905755 103.48347652   0.        ]
 [ 60.85905755 103.06216899 103.48347652   0.        ]
 [ 59.56216899  70.51302367 103.48347652   0.        ]
 [ 54.01302367  56.60682376 103.48347652   0.        ]
 [ 48.10682376  47.41347652 103.48347652   1.        ]
 [ 44.41347652  44.91347652 103.48347652   0.        ]]
At time: 34 costs are
[[ 61.         119.5        104.41347652   0.        ]
 [ 61.         119.         104.41347652   0.        ]
 [ 61.         118.         104.41347652   0.        ]
 [ 61.         116.49998501 104.41347652   0.        ]
 [ 60.99998501 114.3731499  104.41347652   0.        ]
 [ 60.8731499  103.17888896 104.41347652   0.        ]
 [ 59.67888896  70.95695529 104.41347652   0.        ]
 [ 54.45695529  57.43137236 104.41347652   0.        ]
 [ 48.93137236  48.34347652 104.41347652   1.        ]
 [ 45.34347652  45.84347652 104.41347652   0.        ]]
At time: 33 costs are
[[ 61.         119.5        105.34347652   0.        ]
 [ 61.         119.         105.34347652   0.        ]
 [ 61.         118.         105.34347652   0.        ]
 [ 61.         116.49998816 105.34347652   0.        ]
 [ 60.99998816 114.38583341 105.34347652   0.        ]
 [ 60.88583341 103.28637244 105.34347652   0.        ]
 [ 59.78637244  71.37470999 105.34347652   0.        ]
 [ 54.87470999  58.24957663 105.34347652   0.        ]
 [ 49.74957663  49.27347652 105.34347652   1.        ]
 [ 46.27347652  46.77347652 105.34347652   0.        ]]
At time: 32 costs are
[[ 61.         119.5        106.27347652   0.        ]
 [ 61.         119.         106.27347652   0.        ]
 [ 61.         118.         106.27347652   0.        ]
 [ 61.         116.49999065 106.27347652   0.        ]
 [ 60.99999065 114.39724889 106.27347652   0.        ]
 [ 60.89724889 103.38532393 106.27347652   0.        ]
 [ 59.88532393  71.76764298 106.27347652   0.        ]
 [ 55.26764298  59.06176021 106.27347652   0.        ]
 [ 50.56176021  50.20347652 106.27347652   1.        ]
 [ 47.20347652  47.70347652 106.27347652   0.        ]]
At time: 31 costs are
[[ 61.         119.5        107.20347652   0.        ]
 [ 61.         119.         107.20347652   0.        ]
 [ 61.         118.         107.20347652   0.        ]
 [ 61.         116.49999261 107.20347652   0.        ]
 [ 60.99999261 114.40752306 107.20347652   0.        ]
 [ 60.90752306 103.47639718 107.20347652   0.        ]
 [ 59.97639718  72.13705746 107.20347652   0.        ]
 [ 55.63705746  59.8682348  107.20347652   0.        ]
 [ 51.3682348   51.13347652 107.20347652   1.        ]
 [ 48.13347652  48.63347652 107.20347652   0.        ]]
At time: 30 costs are
[[ 61.         119.5        108.13347652   0.        ]
 [ 61.         119.         108.13347652   0.        ]
 [ 61.         118.         108.13347652   0.        ]
 [ 61.         116.49999416 108.13347652   0.        ]
 [ 60.99999416 114.41677002 108.13347652   0.        ]
 [ 60.91677002 103.56019851 108.13347652   0.        ]
 [ 60.06019851  72.48420464 108.13347652   0.        ]
 [ 55.98420464  60.66930013 108.13347652   0.        ]
 [ 52.16930013  52.06347652 108.13347652   1.        ]
 [ 49.06347652  49.56347652 108.13347652   0.        ]]
At time: 29 costs are
[[ 61.         119.5        109.06347652   0.        ]
 [ 61.         119.         109.06347652   0.        ]
 [ 61.         118.         109.06347652   0.        ]
 [ 61.         116.49999539 109.06347652   0.        ]
 [ 60.99999539 114.42509243 109.06347652   0.        ]
 [ 60.92509243 103.63728994 109.06347652   0.        ]
 [ 60.13728994  72.81028415 109.06347652   0.        ]
 [ 56.31028415  61.46524398 109.06347652   0.        ]
 [ 52.96524398  52.99347652 109.06347652   0.        ]
 [ 49.99347652  50.49347652 109.06347652   0.        ]]
At time: 28 costs are
[[ 61.         119.5        109.99347652   0.        ]
 [ 61.         119.         109.99347652   0.        ]
 [ 61.         118.         109.99347652   0.        ]
 [ 61.         116.49999636 109.99347652   0.        ]
 [ 60.99999636 114.43258273 109.99347652   0.        ]
 [ 60.93258273 103.70819217 109.99347652   0.        ]
 [ 60.20819217  73.11644461 109.99347652   0.        ]
 [ 56.61644461  62.23460322 109.99347652   0.        ]
 [ 53.73460322  53.91472443 109.99347652   0.        ]
 [ 50.91472443  51.41472443 109.99347652   0.        ]]
At time: 27 costs are
[[ 61.         119.5        110.91472443   0.        ]
 [ 61.         119.         110.91472443   0.        ]
 [ 61.         118.         110.91472443   0.        ]
 [ 61.         116.49999712 110.91472443   0.        ]
 [ 60.99999712 114.43932409 110.91472443   0.        ]
 [ 60.93932409 103.77338732 110.91472443   0.        ]
 [ 60.27338732  73.40378441 110.91472443   0.        ]
 [ 56.90378441  62.89742674 110.91472443   0.        ]
 [ 54.39742674  54.78888686 110.91472443   0.        ]
 [ 51.78888686  52.28888686 110.91472443   0.        ]]
At time: 26 costs are
[[ 61.         119.5        111.78888686   0.        ]
 [ 61.         119.         111.78888686   0.        ]
 [ 61.         118.         111.78888686   0.        ]
 [ 61.         116.49999773 111.78888686   0.        ]
 [ 60.99999773 114.44539139 111.78888686   0.        ]
 [ 60.94539139 103.83332163 111.78888686   0.        ]
 [ 60.33332163  73.67335265 111.78888686   0.        ]
 [ 57.17335265  63.47388901 111.78888686   0.        ]
 [ 54.97388901  55.59753422 111.78888686   0.        ]
 [ 52.59753422  53.09753422 111.78888686   0.        ]]
At time: 25 costs are
[[ 61.         119.5        112.59753422   0.        ]
 [ 61.         119.         112.59753422   0.        ]
 [ 61.         118.         112.59753422   0.        ]
 [ 61.         116.4999982  112.59753422   0.        ]
 [ 60.9999982  114.45085203 112.59753422   0.        ]
 [ 60.95085203 103.88840791 112.59753422   0.        ]
 [ 60.38840791  73.92615017 112.59753422   0.        ]
 [ 57.42615017  63.97976564 112.59753422   0.        ]
 [ 55.47976564  56.3342042  112.59753422   0.        ]
 [ 53.3342042   53.8342042  112.59753422   0.        ]]
At time: 24 costs are
[[ 61.         119.5        113.3342042    0.        ]
 [ 61.         119.         113.3342042    0.        ]
 [ 61.         118.         113.3342042    0.        ]
 [ 61.         116.49999858 113.3342042    0.        ]
 [ 60.99999858 114.45576664 113.3342042    0.        ]
 [ 60.95576664 103.93902788 113.3342042    0.        ]
 [ 60.43902788  74.16313078 113.3342042    0.        ]
 [ 57.66313078  64.42743408 113.3342042    0.        ]
 [ 55.92743408  56.99932825 113.3342042    0.        ]
 [ 53.99932825  54.49932825 113.3342042    0.        ]]
At time: 23 costs are
[[ 61.         119.5        113.99932825   0.        ]
 [ 61.         119.         113.99932825   0.        ]
 [ 61.         118.         113.99932825   0.        ]
 [ 61.         116.49999888 113.99932825   0.        ]
 [ 60.99999888 114.46018984 113.99932825   0.        ]
 [ 60.96018984 103.98553437 113.99932825   0.        ]
 [ 60.48553437  74.38520255 113.99932825   0.        ]
 [ 57.88520255  64.82664432 113.99932825   0.        ]
 [ 56.32664432  57.59704106 113.99932825   0.        ]
 [ 54.59704106  55.09704106 113.99932825   0.        ]]
At time: 22 costs are
[[ 61.         119.5        114.59704106   0.        ]
 [ 61.         119.         114.59704106   0.        ]
 [ 61.         118.         114.59704106   0.        ]
 [ 61.         116.49999911 114.59704106   0.        ]
 [ 60.99999911 114.46417074 114.59704106   0.        ]
 [ 60.96417074 104.02825336 114.59704106   0.        ]
 [ 60.52825336  74.5932291  114.59704106   0.        ]
 [ 58.0932291   65.18511272 114.59704106   0.        ]
 [ 56.68511272  58.13321807 114.59704106   0.        ]
 [ 55.13321807  55.63321807 114.59704106   0.        ]]
At time: 21 costs are
[[ 61.         119.5        115.13321807   0.        ]
 [ 61.         119.         115.13321807   0.        ]
 [ 61.         118.         115.13321807   0.        ]
 [ 61.         116.4999993  115.13321807   0.        ]
 [ 60.9999993  114.46775358 115.13321807   0.        ]
 [ 60.96775358 104.06748592 115.13321807   0.        ]
 [ 60.56748592  74.78803104 115.13321807   0.        ]
 [ 58.28803104  65.50897948 115.13321807   0.        ]
 [ 57.00897948  58.61430541 115.13321807   0.        ]
 [ 55.61430541  56.11430541 115.13321807   0.        ]]
At time: 20 costs are
[[ 61.         119.5        115.61430541   0.        ]
 [ 61.         119.         115.61430541   0.        ]
 [ 61.         118.         115.61430541   0.        ]
 [ 61.         116.49999945 115.61430541   0.        ]
 [ 60.99999945 114.47097815 115.61430541   0.        ]
 [ 60.97097815 104.10351001 115.61430541   0.        ]
 [ 60.60351001  74.97038743 115.61430541   0.        ]
 [ 58.47038743  65.80316134 115.61430541   0.        ]
 [ 57.30316134  59.04665437 115.61430541   0.        ]
 [ 56.04665437  56.54665437 115.61430541   0.        ]]
At time: 19 costs are
[[ 61.         119.5        116.04665437   0.        ]
 [ 61.         119.         116.04665437   0.        ]
 [ 61.         118.         116.04665437   0.        ]
 [ 61.         116.49999956 116.04665437   0.        ]
 [ 60.99999956 114.47388028 116.04665437   0.        ]
 [ 60.97388028 104.13658214 116.04665437   0.        ]
 [ 60.63658214  75.14103724 116.04665437   0.        ]
 [ 58.64103724  66.07162334 116.04665437   0.        ]
 [ 57.57162334  59.43617153 116.04665437   0.        ]
 [ 56.43617153  56.93617153 116.04665437   0.        ]]
At time: 18 costs are
[[ 61.         119.5        116.43617153   0.        ]
 [ 61.         119.         116.43617153   0.        ]
 [ 61.         118.         116.43617153   0.        ]
 [ 61.         116.49999966 116.43617153   0.        ]
 [ 60.99999966 114.47649221 116.43617153   0.        ]
 [ 60.97649221 104.16693898 116.43617153   0.        ]
 [ 60.66693898  75.30068083 116.43617153   0.        ]
 [ 58.80068083  66.31758854 116.43617153   0.        ]
 [ 57.81758854  59.78816159 116.43617153   0.        ]
 [ 56.78816159  57.28816159 116.43617153   0.        ]]
At time: 17 costs are
[[ 61.         119.5        116.78816159   0.        ]
 [ 61.         119.         116.78816159   0.        ]
 [ 61.         118.         116.78816159   0.        ]
 [ 61.         116.49999973 116.78816159   0.        ]
 [ 60.99999973 114.47884295 116.78816159   0.        ]
 [ 60.97884295 104.19479877 116.78816159   0.        ]
 [ 60.69479877  75.44998148 116.78816159   0.        ]
 [ 58.94998148  66.54369976 116.78816159   0.        ]
 [ 58.04369976  60.10728395 116.78816159   0.        ]
 [ 57.10728395  57.60728395 116.78816159   0.        ]]
At time: 16 costs are
[[ 61.         119.5        117.10728395   0.        ]
 [ 61.         119.         117.10728395   0.        ]
 [ 61.         118.         117.10728395   0.        ]
 [ 61.         116.49999978 117.10728395   0.        ]
 [ 60.99999978 114.48095863 117.10728395   0.        ]
 [ 60.98095863 104.22036274 117.10728395   0.        ]
 [ 60.72036274  75.58956686 117.10728395   0.        ]
 [ 59.08956686  66.75214456 117.10728395   0.        ]
 [ 58.25214456  60.39757285 117.10728395   0.        ]
 [ 57.39757285  57.89757285 117.10728395   0.        ]]
At time: 15 costs are
[[ 61.         119.5        117.39757285   0.        ]
 [ 61.         119.         117.39757285   0.        ]
 [ 61.         118.         117.39757285   0.        ]
 [ 61.         116.49999983 117.39757285   0.        ]
 [ 60.99999983 114.48286275 117.39757285   0.        ]
 [ 60.98286275 104.24381637 117.39757285   0.        ]
 [ 60.74381637  75.72003053 117.39757285   0.        ]
 [ 59.22003053  66.94475169 117.39757285   0.        ]
 [ 58.44475169  60.66249008 117.39757285   0.        ]
 [ 57.66249008  58.16249008 117.39757285   0.        ]]
At time: 14 costs are
[[ 61.         119.5        117.66249008   0.        ]
 [ 61.         119.         117.66249008   0.        ]
 [ 61.         118.         117.66249008   0.        ]
 [ 61.         116.49999987 117.66249008   0.        ]
 [ 60.99999987 114.48457645 117.66249008   0.        ]
 [ 60.98457645 104.26533055 117.66249008   0.        ]
 [ 60.76533055  75.8419334  117.66249008   0.        ]
 [ 59.3419334   67.12306582 117.66249008   0.        ]
 [ 58.62306582  60.90499118 117.66249008   0.        ]
 [ 57.90499118  58.40499118 117.66249008   0.        ]]
At time: 13 costs are
[[ 61.         119.5        117.90499118   0.        ]
 [ 61.         119.         117.90499118   0.        ]
 [ 61.         118.         117.90499118   0.        ]
 [ 61.         116.49999989 117.90499118   0.        ]
 [ 60.99999989 114.4861188  117.90499118   0.        ]
 [ 60.9861188  104.28506268 117.90499118   0.        ]
 [ 60.78506268  75.95580517 117.90499118   0.        ]
 [ 59.45580517  67.28840537 117.90499118   0.        ]
 [ 58.78840537  61.12759432 117.90499118   0.        ]
 [ 58.12759432  58.62759432 117.90499118   0.        ]]
At time: 12 costs are
[[ 61.         119.5        118.12759432   0.        ]
 [ 61.         119.         118.12759432   0.        ]
 [ 61.         118.         118.12759432   0.        ]
 [ 61.         116.49999992 118.12759432   0.        ]
 [ 60.99999992 114.48750691 118.12759432   0.        ]
 [ 60.98750691 104.30315773 118.12759432   0.        ]
 [ 60.80315773  76.06214577 118.12759432   0.        ]
 [ 59.56214577  67.44190732 118.12759432   0.        ]
 [ 58.94190732  61.33244574 118.12759432   0.        ]
 [ 58.33244574  58.83244574 118.12759432   0.        ]]
At time: 11 costs are
[[ 61.         119.5        118.33244574   0.        ]
 [ 61.         119.         118.33244574   0.        ]
 [ 61.         118.         118.33244574   0.        ]
 [ 61.         116.49999993 118.33244574   0.        ]
 [ 60.99999993 114.48875621 118.33244574   0.        ]
 [ 60.98875621 104.31974916 118.33244574   0.        ]
 [ 60.81974916  76.16142673 118.33244574   0.        ]
 [ 59.66142673  67.58456217 118.33244574   0.        ]
 [ 59.08456217  61.52137883 118.33244574   0.        ]
 [ 58.52137883  59.02137883 118.33244574   0.        ]]
At time: 10 costs are
[[ 61.         119.5        118.52137883   0.        ]
 [ 61.         119.         118.52137883   0.        ]
 [ 61.         118.         118.52137883   0.        ]
 [ 61.         116.49999995 118.52137883   0.        ]
 [ 60.99999995 114.48988058 118.52137883   0.        ]
 [ 60.98988058 104.33495979 118.52137883   0.        ]
 [ 60.83495979  76.25409252 118.52137883   0.        ]
 [ 59.75409252  67.71724101 118.52137883   0.        ]
 [ 59.21724101  61.69596567 118.52137883   0.        ]
 [ 58.69596567  59.19596567 118.52137883   0.        ]]
At time: 9 costs are
[[ 61.         119.5        118.69596567   0.        ]
 [ 61.         119.         118.69596567   0.        ]
 [ 61.         118.         118.69596567   0.        ]
 [ 61.         116.49999996 118.69596567   0.        ]
 [ 60.99999996 114.49089252 118.69596567   0.        ]
 [ 60.99089252 104.34890266 118.69596567   0.        ]
 [ 60.84890266  76.3405619  118.69596567   0.        ]
 [ 59.8405619   67.84071686 118.69596567   0.        ]
 [ 59.34071686  61.85756102 118.69596567   0.        ]
 [ 58.85756102  59.35756102 118.69596567   0.        ]]
At time: 8 costs are
[[ 61.         119.5        118.85756102   0.        ]
 [ 61.         119.         118.85756102   0.        ]
 [ 61.         118.         118.85756102   0.        ]
 [ 61.         116.49999997 118.85756102   0.        ]
 [ 60.99999997 114.49180326 118.85756102   0.        ]
 [ 60.99180326 104.36168175 118.85756102   0.        ]
 [ 60.86168175  76.42122917 118.85756102   0.        ]
 [ 59.92122917  67.95568122 118.85756102   0.        ]
 [ 59.45568122  62.00733933 118.85756102   0.        ]
 [ 59.00733933  59.50733933 118.85756102   0.        ]]
At time: 7 costs are
[[ 61.         119.5        119.00733933   0.        ]
 [ 61.         119.         119.00733933   0.        ]
 [ 61.         118.         119.00733933   0.        ]
 [ 61.         116.49999997 119.00733933   0.        ]
 [ 60.99999997 114.49262293 119.00733933   0.        ]
 [ 60.99262293 104.37339268 119.00733933   0.        ]
 [ 60.87339268  76.49646537 119.00733933   0.        ]
 [ 59.99646537  68.06275725 119.00733933   0.        ]
 [ 59.56275725  62.14632532 119.00733933   0.        ]
 [ 59.14632532  59.64632532 119.00733933   0.        ]]
At time: 6 costs are
[[ 61.         119.5        119.14632532   0.        ]
 [ 61.         119.         119.14632532   0.        ]
 [ 61.         118.         119.14632532   0.        ]
 [ 61.         116.49999998 119.14632532   0.        ]
 [ 60.99999998 114.49336064 119.14632532   0.        ]
 [ 60.99336064 104.38412341 119.14632532   0.        ]
 [ 60.88412341  76.56661956 119.14632532   0.        ]
 [ 60.06661956  68.16251012 119.14632532   0.        ]
 [ 59.66251012  62.27541922 119.14632532   0.        ]
 [ 59.27541922  59.77541922 119.14632532   0.        ]]
At time: 5 costs are
[[ 61.         119.5        119.27541922   0.        ]
 [ 61.         119.         119.27541922   0.        ]
 [ 61.         118.         119.27541922   0.        ]
 [ 61.         116.49999998 119.27541922   0.        ]
 [ 60.99999998 114.49402457 119.27541922   0.        ]
 [ 60.99402457 104.39395476 119.27541922   0.        ]
 [ 60.89395476  76.63201986 119.27541922   0.        ]
 [ 60.13201986  68.25545529 119.27541922   0.        ]
 [ 59.75545529  62.3954174  119.27541922   0.        ]
 [ 59.3954174   59.8954174  119.27541922   0.        ]]
At time: 4 costs are
[[ 61.         119.5        119.3954174    0.        ]
 [ 61.         119.         119.3954174    0.        ]
 [ 61.         118.         119.3954174    0.        ]
 [ 61.         116.49999999 119.3954174    0.        ]
 [ 60.99999999 114.49462211 119.3954174    0.        ]
 [ 60.99462211 104.40296104 119.3954174    0.        ]
 [ 60.90296104  76.69297466 119.3954174    0.        ]
 [ 60.19297466  68.34206514 119.3954174    0.        ]
 [ 59.84206514  62.50702914 119.3954174    0.        ]
 [ 59.50702914  60.00702914 119.3954174    0.        ]]
At time: 3 costs are
[[ 61.         119.5        119.50702914   0.        ]
 [ 61.         119.         119.50702914   0.        ]
 [ 61.         118.         119.50702914   0.        ]
 [ 61.         116.49999999 119.50702914   0.        ]
 [ 60.99999999 114.4951599  119.50702914   0.        ]
 [ 60.9951599  104.41121054 119.50702914   0.        ]
 [ 60.91121054  76.74977357 119.50702914   0.        ]
 [ 60.24977357  68.42277433 119.50702914   0.        ]
 [ 59.92277433  62.6108903  119.50702914   0.        ]
 [ 59.6108903   60.1108903  119.50702914   0.        ]]
At time: 2 costs are
[[ 61.         119.5        119.6108903    0.        ]
 [ 61.         119.         119.6108903    0.        ]
 [ 61.         118.         119.6108903    0.        ]
 [ 61.         116.49999999 119.6108903    0.        ]
 [ 60.99999999 114.49564391 119.6108903    0.        ]
 [ 60.99564391 104.41876598 119.6108903    0.        ]
 [ 60.91876598  76.80268852 119.6108903    0.        ]
 [ 60.30268852  68.49798415 119.6108903    0.        ]
 [ 59.99798415  62.70757435 119.6108903    0.        ]
 [ 59.70757435  60.20757435 119.6108903    0.        ]]
At time: 1 costs are
[[ 61.         119.5        119.70757435   0.        ]
 [ 61.         119.         119.70757435   0.        ]
 [ 61.         118.         119.70757435   0.        ]
 [ 61.         116.49999999 119.70757435   0.        ]
 [ 60.99999999 114.49607952 119.70757435   0.        ]
 [ 60.99607952 104.42568499 119.70757435   0.        ]
 [ 60.92568499  76.85197472 119.70757435   0.        ]
 [ 60.35197472  68.56806616 119.70757435   0.        ]
 [ 60.06806616  62.79760139 119.70757435   0.        ]
 [ 59.79760139  60.29760139 119.70757435   0.        ]]

